0,100,100,0.49342122222222223,0.034571170806884766,261.0157215682536,ridge
0,100,100,0.49342122222222223,1.4640002250671387,0.001,SGD
0,100,158,0.49721055555555554,0.02693319320678711,421.6965034285823,ridge
0,100,158,0.49721055555555554,0.1850581169128418,0.006158482110660267,SGD
0,158,100,0.49843388888888895,0.018590211868286133,421.6965034285823,ridge
0,158,100,0.49843388888888895,0.1770782470703125,0.23357214690901212,SGD
0,158,158,0.49517377777777777,0.029133081436157227,4641.588833612782,ridge
0,158,158,0.49517377777777777,0.20036005973815918,0.42813323987193913,SGD
0,100,251,0.5066865555555555,0.02699422836303711,10000000.0,ridge
0,100,251,0.5066865555555555,0.21074271202087402,29.763514416313193,SGD
0,158,251,0.4999692222222222,0.03752541542053223,10000000.0,ridge
0,158,251,0.4999692222222222,0.2150719165802002,4.832930238571752,SGD
0,251,100,0.5000557777777778,0.01892709732055664,421.6965034285823,ridge
0,251,100,0.5000557777777778,0.20705795288085938,0.0379269019073225,SGD
0,251,158,0.49107711111111113,0.038118600845336914,82540.41852680189,ridge
0,251,158,0.49107711111111113,0.22033929824829102,0.42813323987193913,SGD
0,251,251,0.5074056666666666,0.044945478439331055,10000000.0,ridge
0,251,251,0.5074056666666666,0.22656822204589844,16.23776739188721,SGD
0,100,398,0.49315722222222225,0.028888463973999023,2872.9848333536656,ridge
0,100,398,0.49315722222222225,0.2327439785003662,4.832930238571752,SGD
0,158,398,0.49148744444444437,0.04678535461425781,10000000.0,ridge
0,158,398,0.49148744444444437,0.24663734436035156,4.832930238571752,SGD
0,251,398,0.5107242222222222,0.0661308765411377,10000000.0,ridge
0,251,398,0.5107242222222222,0.32653141021728516,4.832930238571752,SGD
0,398,100,0.497321,0.020818471908569336,421.6965034285823,ridge
0,398,100,0.497321,0.24193120002746582,0.7847599703514607,SGD
0,398,158,0.502371,0.03254294395446777,1778.2794100389228,ridge
0,398,158,0.502371,0.2569587230682373,0.0018329807108324356,SGD
0,398,251,0.5137858888888889,0.048403024673461914,10000000.0,ridge
0,398,251,0.5137858888888889,0.34879517555236816,100.0,SGD
0,398,398,0.5149648888888889,0.08057141304016113,10000000.0,ridge
0,398,398,0.5149648888888889,0.22892260551452637,0.011288378916846888,SGD
0,100,630,0.5157414444444445,0.033643245697021484,10000000.0,ridge
0,100,630,0.5157414444444445,0.2497878074645996,0.0018329807108324356,SGD
0,158,630,0.5017352222222222,0.05301094055175781,10000000.0,ridge
0,158,630,0.5017352222222222,0.26646995544433594,0.003359818286283781,SGD
0,251,630,0.5207566666666666,0.08435249328613281,10000000.0,ridge
0,251,630,0.5207566666666666,0.2151501178741455,4.832930238571752,SGD
0,398,630,0.5299053333333333,0.14263629913330078,10000000.0,ridge
0,398,630,0.5299053333333333,0.22695541381835938,4.832930238571752,SGD
0,630,100,0.5058971111111111,0.024179458618164062,681.2920690579615,ridge
0,630,100,0.5058971111111111,0.2136979103088379,0.23357214690901212,SGD
0,630,158,0.5136348888888889,0.035404205322265625,1778.2794100389228,ridge
0,630,158,0.5136348888888889,0.22974777221679688,1.438449888287663,SGD
0,630,251,0.5184515555555556,0.05104660987854004,10000000.0,ridge
0,630,251,0.5184515555555556,0.23407244682312012,54.555947811685144,SGD
0,630,398,0.5200202222222222,0.08630585670471191,10000000.0,ridge
0,630,398,0.5200202222222222,0.2374577522277832,0.001,SGD
0,630,630,0.5395056666666667,0.16864466667175293,10000000.0,ridge
0,630,630,0.5395056666666667,0.24959969520568848,0.7847599703514607,SGD
0,100,1000,0.521336,0.03749728202819824,31622.776601683792,ridge
0,100,1000,0.521336,0.2526230812072754,0.42813323987193913,SGD
0,158,1000,0.5163092222222222,0.06156730651855469,10000000.0,ridge
0,158,1000,0.5163092222222222,0.22394871711730957,0.011288378916846888,SGD
0,251,1000,0.5248261111111111,0.09648394584655762,19573.417814876615,ridge
0,251,1000,0.5248261111111111,0.22048258781433105,1.438449888287663,SGD
0,398,1000,0.534832,0.1722424030303955,12115.276586285901,ridge
0,398,1000,0.534832,0.2943446636199951,0.006158482110660267,SGD
0,630,1000,0.5426202222222222,0.3737318515777588,7498.942093324558,ridge
0,630,1000,0.5426202222222222,0.3092648983001709,1.438449888287663,SGD
0,1000,100,0.5067651111111111,0.0287930965423584,1100.6941712522103,ridge
0,1000,100,0.5067651111111111,0.2669706344604492,0.0379269019073225,SGD
0,1000,158,0.522191111111111,0.04102611541748047,1100.6941712522103,ridge
0,1000,158,0.522191111111111,0.21202611923217773,1.438449888287663,SGD
0,1000,251,0.5243013333333334,0.05800342559814453,10000000.0,ridge
0,1000,251,0.5243013333333334,0.22632575035095215,0.42813323987193913,SGD
0,1000,398,0.5214325555555556,0.09429240226745605,7498.942093324558,ridge
0,1000,398,0.5214325555555556,0.2642209529876709,0.001,SGD
0,1000,630,0.5362547777777777,0.1852576732635498,10000000.0,ridge
0,1000,630,0.5362547777777777,0.2728271484375,0.001,SGD
0,1000,1000,0.5450146666666666,0.41307926177978516,12115.276586285901,ridge
0,1000,1000,0.5450146666666666,0.3721489906311035,0.23357214690901212,SGD
0,100,1584,0.5210782222222222,0.044615983963012695,31622.776601683792,ridge
0,100,1584,0.5210782222222222,0.21033000946044922,1.438449888287663,SGD
0,158,1584,0.523486,0.0701441764831543,51089.697745069345,ridge
0,158,1584,0.523486,0.2505781650543213,0.001,SGD
0,251,1584,0.531544,0.1140892505645752,7498.942093324558,ridge
0,251,1584,0.531544,0.30394434928894043,0.003359818286283781,SGD
0,398,1584,0.540069,0.19620871543884277,12115.276586285901,ridge
0,398,1584,0.540069,0.41759657859802246,0.003359818286283781,SGD
0,630,1584,0.5556232222222223,0.3735218048095703,12115.276586285901,ridge
0,630,1584,0.5556232222222223,0.5414388179779053,0.003359818286283781,SGD
0,1000,1584,0.5584011111111111,0.7035403251647949,19573.417814876615,ridge
0,1000,1584,0.5584011111111111,0.6163637638092041,0.02069138081114789,SGD
0,1584,100,0.5075673333333334,0.03658437728881836,2872.9848333536656,ridge
0,1584,100,0.5075673333333334,0.21694540977478027,0.06951927961775606,SGD
0,1584,158,0.5221277777777777,0.04983091354370117,2872.9848333536656,ridge
0,1584,158,0.5221277777777777,0.1954021453857422,1.438449888287663,SGD
0,1584,251,0.5323072222222223,0.06794261932373047,2872.9848333536656,ridge
0,1584,251,0.5323072222222223,0.2215406894683838,0.0018329807108324356,SGD
0,1584,398,0.5300617777777777,0.10847282409667969,4641.588833612782,ridge
0,1584,398,0.5300617777777777,0.26230907440185547,0.003359818286283781,SGD
0,1584,630,0.5425262222222222,0.20676112174987793,7498.942093324558,ridge
0,1584,630,0.5425262222222222,0.3193483352661133,0.0018329807108324356,SGD
0,1584,1000,0.5537588888888889,0.4581718444824219,12115.276586285901,ridge
0,1584,1000,0.5537588888888889,0.4564056396484375,0.23357214690901212,SGD
0,1584,1584,0.567592,0.8479647636413574,12115.276586285901,ridge
0,1584,1584,0.567592,0.8462398052215576,0.011288378916846888,SGD
0,100,2511,0.52393,0.056472063064575195,19573.417814876615,ridge
0,100,2511,0.52393,0.2394576072692871,0.12742749857031335,SGD
0,158,2511,0.5228142222222223,0.08974170684814453,19573.417814876615,ridge
0,158,2511,0.5228142222222223,0.2773895263671875,0.7847599703514607,SGD
0,251,2511,0.5363961111111111,0.14598655700683594,12115.276586285901,ridge
0,251,2511,0.5363961111111111,0.39284658432006836,0.006158482110660267,SGD
0,398,2511,0.5514522222222222,0.2576322555541992,12115.276586285901,ridge
0,398,2511,0.5514522222222222,0.5655324459075928,0.003359818286283781,SGD
0,630,2511,0.569134,0.478304386138916,12115.276586285901,ridge
0,630,2511,0.569134,0.9985063076019287,0.001,SGD
0,1000,2511,0.579484,0.9051728248596191,12115.276586285901,ridge
0,1000,2511,0.579484,1.187427043914795,0.006158482110660267,SGD
0,1584,2511,0.5885017777777777,1.7223660945892334,12115.276586285901,ridge
0,1584,2511,0.5885017777777777,1.954735279083252,0.001,SGD
0,2511,100,0.5015678888888888,0.04678678512573242,2872.9848333536656,ridge
0,2511,100,0.5015678888888888,0.22488808631896973,2.636650898730358,SGD
0,2511,158,0.513494,0.06139945983886719,2872.9848333536656,ridge
0,2511,158,0.513494,0.22166180610656738,0.7847599703514607,SGD
0,2511,251,0.523268888888889,0.08351850509643555,7498.942093324558,ridge
0,2511,251,0.523268888888889,0.2508399486541748,0.06951927961775606,SGD
0,2511,398,0.5307265555555556,0.1297914981842041,4641.588833612782,ridge
0,2511,398,0.5307265555555556,0.3476433753967285,0.006158482110660267,SGD
0,2511,630,0.5420201111111111,0.2463216781616211,7498.942093324558,ridge
0,2511,630,0.5420201111111111,0.4681994915008545,0.011288378916846888,SGD
0,2511,1000,0.5583108888888888,0.49180150032043457,7498.942093324558,ridge
0,2511,1000,0.5583108888888888,0.643944263458252,0.02069138081114789,SGD
0,2511,1584,0.5743046666666667,0.8787386417388916,12115.276586285901,ridge
0,2511,1584,0.5743046666666667,1.1226565837860107,0.006158482110660267,SGD
0,2511,2511,0.5940891111111111,2.411545515060425,12115.276586285901,ridge
0,2511,2511,0.5940891111111111,2.0001118183135986,0.0379269019073225,SGD
0,100,3981,0.5235861111111111,0.07351136207580566,31622.776601683792,ridge
0,100,3981,0.5235861111111111,0.278775691986084,0.011288378916846888,SGD
0,158,3981,0.5259226666666666,0.11965680122375488,82540.41852680189,ridge
0,158,3981,0.5259226666666666,0.387723445892334,0.006158482110660267,SGD
0,251,3981,0.5470582222222222,0.20427227020263672,12115.276586285901,ridge
0,251,3981,0.5470582222222222,0.6193077564239502,0.003359818286283781,SGD
0,398,3981,0.5577182222222222,0.36696910858154297,12115.276586285901,ridge
0,398,3981,0.5577182222222222,0.7238633632659912,0.0379269019073225,SGD
0,630,3981,0.5786637777777778,0.6615309715270996,12115.276586285901,ridge
0,630,3981,0.5786637777777778,1.4948339462280273,0.001,SGD
0,1000,3981,0.5890475555555557,1.2168943881988525,12115.276586285901,ridge
0,1000,3981,0.5890475555555557,1.8438889980316162,0.011288378916846888,SGD
0,1584,3981,0.6037613333333334,2.533700466156006,12115.276586285901,ridge
0,1584,3981,0.6037613333333334,2.7943813800811768,0.011288378916846888,SGD
0,2511,3981,0.6081434444444445,5.546865224838257,19573.417814876615,ridge
0,2511,3981,0.6081434444444445,4.272672414779663,0.003359818286283781,SGD
0,3981,100,0.5003992222222222,0.06406927108764648,7498.942093324558,ridge
0,3981,100,0.5003992222222222,0.2531106472015381,29.763514416313193,SGD
0,3981,158,0.5174543333333333,0.08521819114685059,2872.9848333536656,ridge
0,3981,158,0.5174543333333333,0.26418304443359375,0.12742749857031335,SGD
0,3981,251,0.5298161111111112,0.10986709594726562,2872.9848333536656,ridge
0,3981,251,0.5298161111111112,0.28919100761413574,0.0379269019073225,SGD
0,3981,398,0.5307717777777778,0.16840672492980957,7498.942093324558,ridge
0,3981,398,0.5307717777777778,0.398695707321167,0.7847599703514607,SGD
0,3981,630,0.5442156666666667,0.3009152412414551,19573.417814876615,ridge
0,3981,630,0.5442156666666667,0.6488823890686035,0.0018329807108324356,SGD
0,3981,1000,0.5636683333333333,0.5431075096130371,19573.417814876615,ridge
0,3981,1000,0.5636683333333333,0.984478235244751,0.02069138081114789,SGD
0,3981,1584,0.5797507777777777,0.9349215030670166,19573.417814876615,ridge
0,3981,1584,0.5797507777777777,1.5673432350158691,0.02069138081114789,SGD
0,3981,2511,0.6025560000000001,2.4246652126312256,19573.417814876615,ridge
0,3981,2511,0.6025560000000001,2.6844663619995117,0.0379269019073225,SGD
0,3981,3981,0.6203578888888889,6.714534044265747,19573.417814876615,ridge
0,3981,3981,0.6203578888888889,5.262029647827148,0.06951927961775606,SGD
0,100,6309,0.5334375555555556,0.10269832611083984,19573.417814876615,ridge
0,100,6309,0.5334375555555556,0.3256542682647705,0.06951927961775606,SGD
0,158,6309,0.5406982222222223,0.17032432556152344,19573.417814876615,ridge
0,158,6309,0.5406982222222223,0.42000722885131836,0.011288378916846888,SGD
0,251,6309,0.5541187777777778,0.30121922492980957,7498.942093324558,ridge
0,251,6309,0.5541187777777778,0.7294967174530029,0.006158482110660267,SGD
0,398,6309,0.5684846666666666,0.5246016979217529,7498.942093324558,ridge
0,398,6309,0.5684846666666666,1.066680908203125,0.011288378916846888,SGD
0,630,6309,0.5897612222222222,0.918614387512207,7498.942093324558,ridge
0,630,6309,0.5897612222222222,1.7811963558197021,0.006158482110660267,SGD
0,1000,6309,0.6004762222222223,1.875945806503296,7498.942093324558,ridge
0,1000,6309,0.6004762222222223,2.6567046642303467,0.006158482110660267,SGD
0,1584,6309,0.6194866666666667,3.341437816619873,12115.276586285901,ridge
0,1584,6309,0.6194866666666667,5.5894834995269775,0.0018329807108324356,SGD
0,2511,6309,0.6286438888888888,6.5281548500061035,12115.276586285901,ridge
0,2511,6309,0.6286438888888888,7.533387184143066,0.003359818286283781,SGD
0,3981,6309,0.6455328888888889,18.15109896659851,12115.276586285901,ridge
0,3981,6309,0.6455328888888889,11.568573236465454,0.003359818286283781,SGD
0,6309,100,0.496783,0.1084129810333252,12115.276586285901,ridge
0,6309,100,0.496783,0.28792500495910645,0.0018329807108324356,SGD
0,6309,158,0.5171777777777777,0.11436676979064941,4641.588833612782,ridge
0,6309,158,0.5171777777777777,0.30190205574035645,2.636650898730358,SGD
0,6309,251,0.5332438888888889,0.15156149864196777,4641.588833612782,ridge
0,6309,251,0.5332438888888889,0.38106322288513184,0.42813323987193913,SGD
0,6309,398,0.5364097777777779,0.22404789924621582,12115.276586285901,ridge
0,6309,398,0.5364097777777779,0.5727217197418213,0.06951927961775606,SGD
0,6309,630,0.5528089999999999,0.35721516609191895,19573.417814876615,ridge
0,6309,630,0.5528089999999999,0.9204046726226807,0.02069138081114789,SGD
0,6309,1000,0.5776297777777778,0.6385660171508789,19573.417814876615,ridge
0,6309,1000,0.5776297777777778,1.4629700183868408,2.636650898730358,SGD
0,6309,1584,0.5962652222222222,1.0243430137634277,19573.417814876615,ridge
0,6309,1584,0.5962652222222222,2.69433331489563,0.006158482110660267,SGD
0,6309,2511,0.6205636666666667,2.702223062515259,19573.417814876615,ridge
0,6309,2511,0.6205636666666667,4.093614101409912,0.0379269019073225,SGD
0,6309,3981,0.6394985555555556,7.168384313583374,19573.417814876615,ridge
0,6309,3981,0.6394985555555556,8.570247173309326,0.12742749857031335,SGD
0,6309,6309,0.6606331111111111,20.174052715301514,19573.417814876615,ridge
0,6309,6309,0.6606331111111111,12.916743040084839,0.02069138081114789,SGD
0,100,10000,0.5396523333333334,0.1490163803100586,4641.588833612782,ridge
0,100,10000,0.5396523333333334,0.4221773147583008,0.0379269019073225,SGD
0,158,10000,0.5511745555555556,0.2578577995300293,1778.2794100389228,ridge
0,158,10000,0.5511745555555556,0.5899200439453125,0.011288378916846888,SGD
0,251,10000,0.5628931111111111,0.4376804828643799,1778.2794100389228,ridge
0,251,10000,0.5628931111111111,0.9327354431152344,0.02069138081114789,SGD
0,398,10000,0.577351888888889,0.7476897239685059,1778.2794100389228,ridge
0,398,10000,0.577351888888889,1.3551857471466064,0.0379269019073225,SGD
0,630,10000,0.5977492222222223,1.4854519367218018,2872.9848333536656,ridge
0,630,10000,0.5977492222222223,2.535493850708008,0.006158482110660267,SGD
0,1000,10000,0.6145267777777778,2.4678585529327393,4641.588833612782,ridge
0,1000,10000,0.6145267777777778,4.911545515060425,0.0018329807108324356,SGD
0,1584,10000,0.6339342222222222,4.293352365493774,7498.942093324558,ridge
0,1584,10000,0.6339342222222222,8.558855295181274,0.0018329807108324356,SGD
0,2511,10000,0.6490642222222222,8.156188726425171,7498.942093324558,ridge
0,2511,10000,0.6490642222222222,12.984132051467896,0.003359818286283781,SGD
0,3981,10000,0.6713093333333333,17.956227779388428,7498.942093324558,ridge
0,3981,10000,0.6713093333333333,18.875040292739868,0.003359818286283781,SGD
0,6309,10000,0.6920207777777777,59.0120587348938,12115.276586285901,ridge
0,6309,10000,0.6920207777777777,27.388681650161743,0.011288378916846888,SGD
0,10000,100,0.49987233333333336,0.13229036331176758,12115.276586285901,ridge
0,10000,100,0.49987233333333336,0.3309319019317627,4.832930238571752,SGD
0,10000,158,0.519919,0.15796685218811035,7498.942093324558,ridge
0,10000,158,0.519919,0.3654637336730957,0.23357214690901212,SGD
0,10000,251,0.5397157777777778,0.2084197998046875,7498.942093324558,ridge
0,10000,251,0.5397157777777778,0.5757684707641602,0.003359818286283781,SGD
0,10000,398,0.5443416666666666,0.28942131996154785,12115.276586285901,ridge
0,10000,398,0.5443416666666666,0.7902226448059082,16.23776739188721,SGD
0,10000,630,0.5629761111111111,0.42838573455810547,31622.776601683792,ridge
0,10000,630,0.5629761111111111,1.308431625366211,0.011288378916846888,SGD
0,10000,1000,0.5877622222222222,0.7506744861602783,19573.417814876615,ridge
0,10000,1000,0.5877622222222222,2.4091038703918457,0.003359818286283781,SGD
0,10000,1584,0.611464,1.1290931701660156,31622.776601683792,ridge
0,10000,1584,0.611464,3.465942859649658,0.42813323987193913,SGD
0,10000,2511,0.637523111111111,2.874725341796875,31622.776601683792,ridge
0,10000,2511,0.637523111111111,5.743904113769531,0.42813323987193913,SGD
0,10000,3981,0.6659018888888889,7.503796100616455,19573.417814876615,ridge
0,10000,3981,0.6659018888888889,12.629986047744751,0.23357214690901212,SGD
0,10000,6309,0.692844,21.36048984527588,19573.417814876615,ridge
0,10000,6309,0.692844,23.582382917404175,0.02069138081114789,SGD
0,10000,10000,0.7210225555555555,66.67671942710876,12115.276586285901,ridge
0,10000,10000,0.7210225555555555,45.08668327331543,0.006158482110660267,SGD
0,100,15848,0.5453134444444444,0.24679160118103027,1778.2794100389228,ridge
0,100,15848,0.5453134444444444,0.567293643951416,0.0379269019073225,SGD
0,158,15848,0.5596707777777779,0.40421581268310547,1100.6941712522103,ridge
0,158,15848,0.5596707777777779,0.9918849468231201,0.0018329807108324356,SGD
0,251,15848,0.5743136666666666,0.682492733001709,1100.6941712522103,ridge
0,251,15848,0.5743136666666666,1.425750732421875,0.006158482110660267,SGD
0,398,15848,0.5892726666666668,1.3460893630981445,681.2920690579615,ridge
0,398,15848,0.5892726666666668,2.1587250232696533,0.011288378916846888,SGD
0,630,15848,0.6179009999999999,2.1518514156341553,681.2920690579615,ridge
0,630,15848,0.6179009999999999,3.7274699211120605,0.006158482110660267,SGD
0,1000,15848,0.635866111111111,3.653183698654175,1100.6941712522103,ridge
0,1000,15848,0.635866111111111,6.225708246231079,0.006158482110660267,SGD
0,1584,15848,0.6579925555555557,6.167029142379761,2872.9848333536656,ridge
0,1584,15848,0.6579925555555557,11.360581874847412,0.003359818286283781,SGD
0,2511,15848,0.6753175555555556,10.766701221466064,4641.588833612782,ridge
0,2511,15848,0.6753175555555556,16.643004894256592,0.011288378916846888,SGD
0,3981,15848,0.7044916666666667,22.735365629196167,4641.588833612782,ridge
0,3981,15848,0.7044916666666667,25.784926176071167,0.006158482110660267,SGD
0,6309,15848,0.7268715555555556,57.481306076049805,7498.942093324558,ridge
0,6309,15848,0.7268715555555556,45.75213360786438,0.006158482110660267,SGD
0,10000,15848,0.7453231111111112,216.59155106544495,12115.276586285901,ridge
0,10000,15848,0.7453231111111112,61.98867416381836,0.02069138081114789,SGD
0,15848,100,0.5000451111111112,0.1780109405517578,7498.942093324558,ridge
0,15848,100,0.5000451111111112,0.47746968269348145,29.763514416313193,SGD
0,15848,158,0.5226258888888888,0.21287775039672852,4641.588833612782,ridge
0,15848,158,0.5226258888888888,0.6378800868988037,0.02069138081114789,SGD
0,15848,251,0.5413813333333333,0.2797524929046631,4641.588833612782,ridge
0,15848,251,0.5413813333333333,0.808098554611206,2.636650898730358,SGD
0,15848,398,0.5424504444444445,0.36058545112609863,12115.276586285901,ridge
0,15848,398,0.5424504444444445,1.2034382820129395,0.42813323987193913,SGD
0,15848,630,0.5662276666666667,0.5217945575714111,31622.776601683792,ridge
0,15848,630,0.5662276666666667,2.4250402450561523,0.0379269019073225,SGD
0,15848,1000,0.5931015555555555,0.9349582195281982,31622.776601683792,ridge
0,15848,1000,0.5931015555555555,3.3959288597106934,0.23357214690901212,SGD
0,15848,1584,0.6179268888888888,1.2302727699279785,31622.776601683792,ridge
0,15848,1584,0.6179268888888888,5.610509872436523,0.12742749857031335,SGD
0,15848,2511,0.6486643333333333,2.920330762863159,31622.776601683792,ridge
0,15848,2511,0.6486643333333333,9.777772903442383,0.12742749857031335,SGD
0,15848,3981,0.6766433333333333,8.03993844985962,31622.776601683792,ridge
0,15848,3981,0.6766433333333333,17.420809984207153,0.7847599703514607,SGD
0,15848,6309,0.7037856666666666,22.77222514152527,31622.776601683792,ridge
0,15848,6309,0.7037856666666666,34.88981103897095,0.42813323987193913,SGD
0,15848,10000,0.7372574444444445,70.64390993118286,19573.417814876615,ridge
0,15848,10000,0.7372574444444445,66.58109712600708,0.02069138081114789,SGD
0,15848,15848,0.7604645555555554,247.2290003299713,19573.417814876615,ridge
0,15848,15848,0.7604645555555554,88.93054223060608,0.12742749857031335,SGD
0,100,24000,0.555581,0.37056469917297363,1778.2794100389228,ridge
0,100,24000,0.555581,0.7065277099609375,0.0379269019073225,SGD
0,158,24000,0.5712815555555556,0.6187179088592529,681.2920690579615,ridge
0,158,24000,0.5712815555555556,1.1080992221832275,0.011288378916846888,SGD
0,251,24000,0.5862605555555556,1.2059855461120605,421.6965034285823,ridge
0,251,24000,0.5862605555555556,1.7697572708129883,0.02069138081114789,SGD
0,398,24000,0.6022385555555555,1.9050517082214355,421.6965034285823,ridge
0,398,24000,0.6022385555555555,2.877511978149414,0.006158482110660267,SGD
0,630,24000,0.6280848888888889,3.131803274154663,681.2920690579615,ridge
0,630,24000,0.6280848888888889,6.209795713424683,0.0018329807108324356,SGD
0,1000,24000,0.6502175555555555,5.209837436676025,1100.6941712522103,ridge
0,1000,24000,0.6502175555555555,9.382791996002197,0.003359818286283781,SGD
0,1584,24000,0.6750058888888889,8.17729640007019,1778.2794100389228,ridge
0,1584,24000,0.6750058888888889,12.647369146347046,0.02069138081114789,SGD
0,2511,24000,0.7043775555555556,14.559966802597046,1778.2794100389228,ridge
0,2511,24000,0.7043775555555556,24.16227436065674,0.006158482110660267,SGD
0,3981,24000,0.7308489999999999,29.734238147735596,2872.9848333536656,ridge
0,3981,24000,0.7308489999999999,40.2335479259491,0.006158482110660267,SGD
0,6309,24000,0.7505777777777777,71.35945534706116,4641.588833612782,ridge
0,6309,24000,0.7505777777777777,62.41080379486084,0.011288378916846888,SGD
0,10000,24000,0.7664686666666667,199.9632956981659,7498.942093324558,ridge
0,10000,24000,0.7664686666666667,90.59263467788696,0.0379269019073225,SGD
